29.146569	74.537550	104.896884	201.907897	248.873690	289.885443	317.024365	354.767291	401.220449	413.707458	420.382294	466.450485	489.982347	512.614442	551.412281	594.201376	605.736404	660.688560	749.874042	831.013879	898.169958	920.902635	931.541802	965.496667	
69.432140	112.682072	195.838764	222.288890	237.115390	286.279891	345.840341	349.510746	395.875041	471.342305	508.806305	539.775722	629.330692	645.954743	778.383329	820.468440	834.884228	855.301741	866.789383	932.576900	988.423040	
51.306120	56.417491	131.825867	214.350355	231.668739	247.842742	279.560615	318.822800	340.616373	364.548932	387.422773	434.014505	532.744384	547.728608	582.070308	596.568534	642.181770	696.660792	746.758311	776.079819	791.449899	879.250953	909.420754	
12.791214	35.712585	59.105981	95.633961	133.329989	174.577388	192.223625	206.380121	299.174312	376.328408	400.849288	420.529525	472.569611	482.664682	584.621785	659.810538	695.306544	754.163732	773.148028	790.643841	809.010460	843.537393	870.560991	961.839304	
10.416424	16.161980	33.746758	55.612727	64.293685	96.145734	139.285127	158.823787	232.159934	303.190149	330.597782	373.411066	390.521891	444.454215	473.050114	494.566002	509.343012	562.163766	577.590964	666.922960	706.586258	719.635489	786.243878	827.972255	852.250820	927.132807	961.706626	981.507754	999.970743	
13.104878	30.662790	37.771752	52.352758	62.050152	143.144998	158.285330	192.001776	206.483379	246.990050	261.510936	310.687358	342.223846	371.169474	408.526295	415.710011	453.307939	485.253713	545.230013	679.651526	735.478862	751.067346	769.081998	775.355972	848.472457	876.029667	919.341681	925.562205	934.440218	941.976974	955.654571	985.459166	
36.900017	68.852353	94.599936	132.309352	142.205491	169.507447	239.470698	281.912662	331.274069	380.720677	444.144909	479.226815	496.062141	546.979595	594.548341	647.058101	713.838142	804.018031	869.051378	895.390146	936.279774	
29.921705	48.406313	103.878071	114.750436	139.682604	171.640477	192.349091	225.334439	352.286553	408.686470	468.414603	491.573144	532.990956	550.087897	611.907124	655.687931	689.369070	730.287740	736.317004	745.581611	878.608807	899.511968	944.012431	984.928966	
79.019545	148.724779	187.526005	195.172226	240.856804	261.278302	290.041490	320.448482	334.247581	433.321605	465.855766	515.631676	543.488268	576.200163	589.697869	621.942210	624.695746	720.353407	728.611901	752.417825	831.060861	879.856071	925.374932	957.626213	992.710220	
21.573223	33.498509	125.954703	145.624832	222.216031	273.357250	317.517891	380.454205	408.245363	444.912762	473.330356	486.446519	508.372971	591.888456	622.146256	635.626668	652.812048	738.103317	766.496566	879.397427	925.738524	955.498013	
