56.675545	76.235367	98.720808	163.178152	354.797178	381.458254	413.856830	451.880616	495.448704	500.419404	566.583833	676.629825	707.981221	754.127985	770.961054	778.535533	826.637757	863.710654	913.554007	
77.234877	89.286320	235.398933	268.500821	312.031775	316.650584	321.611866	333.273633	366.408686	426.513014	455.640327	506.922546	557.536418	622.242218	656.427912	705.259936	739.239732	789.232287	841.495211	880.401484	893.241492	898.667153	923.546393	962.374994	983.648224	
30.731277	61.558519	68.242687	195.646173	219.163444	291.542212	316.881753	356.589912	490.219222	521.983552	582.478188	663.107769	710.146343	735.646903	829.357106	903.790864	934.151811	973.443206	
14.487255	79.182303	82.521562	99.634717	125.591725	195.512946	236.892272	298.301155	333.631461	352.217757	406.435021	427.853253	537.730295	644.434169	738.424789	795.211910	805.190880	896.909001	911.890909	927.766929	
6.518246	42.114816	112.224419	158.898279	186.603820	256.177742	388.073657	449.293362	506.592248	552.729529	557.470554	606.885221	704.410339	751.566290	770.208125	782.978460	813.110332	843.547608	860.917701	947.907883	973.902718	
21.113040	52.226916	93.397243	124.993620	173.588458	214.594089	217.628218	235.563065	259.567633	286.326402	361.794216	403.958544	441.526697	527.199422	567.101543	588.999909	637.011220	704.693731	742.063703	786.143559	857.192147	863.588414	900.752200	927.161402	969.724840	973.495596	
17.723482	106.474205	141.011542	253.166277	260.668453	310.233792	342.741647	364.363247	408.721921	488.678582	517.566158	587.261717	606.450211	681.759753	742.223014	872.887236	911.277776	936.606114	941.508274	952.201797	962.449159	991.519871	
10.411334	19.937616	52.896332	60.489277	88.983376	119.606432	138.636220	187.234527	230.859964	244.669362	257.627944	277.131703	376.894820	465.329028	476.693572	532.251184	563.143738	589.811137	642.653756	664.314377	718.054122	734.136373	793.487331	806.285337	808.970447	836.281773	887.488984	894.104937	904.507545	926.519485	940.967245	971.454360	985.389898	
164.088266	200.750453	208.577225	253.493135	261.676273	286.041107	303.905481	427.223418	521.553826	537.590590	581.363674	590.707856	636.706902	658.837691	678.858269	703.005806	743.087616	781.285214	817.675108	842.447748	887.120426	913.003348	964.612643	993.509307	
51.281316	105.457596	128.365138	184.987422	225.403952	259.103137	287.794807	338.310465	361.763785	381.438354	472.786294	556.572365	610.076192	660.525598	674.210147	724.361036	797.547920	864.707417	908.066525	956.388631	969.993331	
