6.338100	36.710627	54.520535	97.404321	124.978589	152.648907	186.857826	193.800539	219.947706	259.042931	317.466757	324.107454	380.004321	388.692933	440.516396	476.363027	502.153549	507.269374	590.011259	651.476541	707.247714	754.714874	768.155853	853.217532	879.232455	957.426425	
72.068173	112.084956	134.853071	204.356353	259.734059	273.335552	290.349620	299.547250	336.114049	365.405811	375.236995	401.012659	420.017014	471.908303	491.375621	566.506916	631.469159	664.356638	733.361094	775.735906	794.810119	864.162222	910.230057	927.135376	958.487986	981.236171	
9.907715	19.717157	34.519297	77.731455	126.873427	134.318862	223.619546	286.596117	339.895582	354.724801	369.387560	400.570421	417.287997	483.214886	533.069454	571.272490	619.868253	639.940897	653.816735	733.971301	766.661090	773.165832	832.719657	858.644865	879.222362	905.404211	920.580910	972.288230	
7.174739	26.898810	86.320716	205.302964	220.887163	254.208511	288.411138	321.143986	353.535894	400.083374	422.145470	457.469666	465.486465	486.229254	491.922674	541.124968	563.221009	721.485958	772.466679	816.869882	830.641759	849.270257	852.782259	897.079928	911.079383	924.789699	933.246128	972.848965	
20.843743	73.505446	164.595399	182.349929	203.427391	217.682009	218.962851	295.800264	321.972919	325.404431	346.112640	392.791629	396.006789	398.587739	470.407367	511.673715	616.425737	633.587373	689.375876	748.294562	750.883043	806.837169	893.235863	919.789931	969.208638	
58.009241	79.734578	158.530605	194.331720	217.077261	246.126918	283.908184	312.451810	334.638316	366.541755	377.521215	395.577345	419.223698	474.226964	477.555060	627.225642	659.796028	673.497337	704.416792	736.509877	807.030506	810.108987	878.559860	918.501393	980.822769	
31.812731	71.131729	173.184641	197.383545	223.608323	273.749238	306.400046	363.428731	404.625693	431.460924	437.093206	480.385280	519.810021	546.023594	609.551914	619.935632	658.026378	681.105990	697.371329	711.034072	728.319677	784.203587	793.285842	854.863652	864.116412	910.415894	993.474687	
87.008704	122.023783	332.875559	368.119340	381.543119	429.883052	440.978248	508.356338	572.695199	605.841056	646.921531	654.169847	682.634879	693.037178	709.547072	755.126403	792.578575	862.318071	881.798694	915.610433	932.257464	979.961211	
25.864955	42.176277	82.279518	148.153243	171.538976	228.517567	253.108930	270.742860	293.820638	328.506311	342.998177	365.500489	433.170316	446.187824	509.528142	537.764341	617.003290	662.198765	687.024926	824.139574	837.512429	851.944749	910.311838	961.737937	
29.562280	50.790453	129.489802	196.788228	207.924382	223.845133	264.197362	310.132828	384.198807	408.435003	458.813278	513.257783	534.586632	560.266401	570.920130	603.823312	688.655067	785.180477	832.170407	851.332039	870.194840	908.782043	945.460365	
