12.070571	37.182777	76.721591	175.334089	203.148308	266.472946	268.627488	325.690418	347.309762	374.932252	435.374756	498.592156	520.569827	556.933776	598.000240	651.600969	686.073117	709.225167	736.273902	782.340416	823.744214	855.315882	869.480158	925.342678	
54.814291	57.667231	95.379135	122.225031	161.635082	178.829003	221.649506	245.892117	323.317476	354.227178	419.805729	438.325689	569.236773	581.939567	640.668528	680.719571	709.701498	743.498835	768.278751	780.198310	801.694881	859.297433	889.369839	920.819365	972.909758	
6.727309	74.825503	120.131756	151.633337	168.972473	265.672675	279.058131	363.908775	375.239683	402.174782	448.751690	459.810177	495.371690	501.098069	548.614048	587.067103	656.182017	734.319246	823.489335	870.551399	875.966514	977.007474	985.956529	998.486460	
91.541682	113.398714	193.726595	246.516818	282.714948	319.849304	363.422954	408.498802	476.534517	504.475238	528.842475	585.352191	661.114998	704.598962	748.550539	789.832263	834.156111	995.242716	
31.060463	85.985186	128.802348	161.829239	200.402470	221.256506	268.310812	285.324501	309.172083	341.922849	439.642559	541.408069	553.143396	606.612425	636.296381	704.715638	714.676976	726.386109	748.569411	765.561734	856.639062	873.845065	955.192173	
40.132510	54.561946	122.821137	186.362569	228.498249	272.840697	317.170775	336.126789	367.793867	423.743969	437.262907	551.575430	604.187832	706.671426	722.464162	866.574541	912.273879	932.214931	949.744054	
20.676994	76.883677	87.627417	101.532464	134.701827	176.275695	210.158586	275.660231	319.900500	341.380691	463.402168	489.062072	527.285207	545.353414	549.681706	563.383934	645.019219	744.369212	774.126042	831.176628	843.878207	858.943238	876.530287	894.523523	949.992078	998.974341	
45.329116	57.875671	66.946252	90.642039	135.482077	193.413714	208.990632	222.231924	303.621545	341.889063	370.396472	409.637484	443.190705	485.820817	503.348964	523.575979	626.096442	729.608011	770.080794	801.048105	843.585675	932.021282	976.640583	984.588101	
21.490935	25.531445	45.607122	71.793827	123.724083	129.432527	177.328876	200.616910	262.607421	266.351382	276.908941	306.116972	347.554263	354.991993	409.243569	432.198939	471.665419	496.211827	536.136940	587.120500	670.448533	713.419657	720.478851	747.677318	767.806860	783.920518	826.280501	927.441457	937.949528	965.289627	
19.290651	43.159690	105.175366	134.737072	178.255205	272.367327	299.936651	377.298140	474.175722	495.724856	522.485226	578.524818	626.073119	727.998333	784.147132	802.539725	824.752589	845.009591	857.589649	956.674942	
