38.113522	53.415392	75.495765	86.089747	112.602077	135.618321	207.099947	252.361839	324.026922	359.768968	366.010481	383.361418	395.253041	506.228909	533.609942	560.912293	601.534564	645.747641	717.548197	756.944601	863.039323	874.730923	942.477263	
71.071465	78.111469	120.876476	154.834095	182.860871	200.279284	213.474681	264.865213	280.934704	376.662805	406.090439	454.391318	501.672883	533.442238	564.193297	657.881292	691.685036	711.674438	724.296149	849.396876	878.055127	920.683317	951.503829	991.262250	
17.120588	23.477137	99.395351	149.129685	191.666126	224.312698	335.879215	336.514976	365.333234	477.256445	532.606025	561.705936	751.123303	835.326811	886.632062	909.814453	954.996750	985.282909	998.479691	
15.335035	61.681518	107.043709	160.338782	193.164266	243.285547	287.994989	335.136834	363.053011	421.417378	463.939999	483.434359	493.035338	543.309621	662.575740	689.134622	720.669255	746.221158	783.159521	814.492167	883.606819	917.301929	930.448497	962.149652	966.840804	970.687764	
49.223700	66.591720	97.199964	101.841138	134.360478	187.868138	212.723594	234.669748	244.410026	284.836025	321.471131	404.789960	439.529802	451.870771	496.445286	588.809323	644.867739	683.277505	705.183004	715.315198	732.014524	766.777664	782.163759	792.294013	820.599567	831.853060	848.206874	889.901731	900.001792	954.894084	974.799705	
82.441451	86.889441	141.941601	162.618579	177.997508	214.563971	241.678177	275.114062	294.230004	302.993992	318.295682	369.416593	385.073420	455.020804	482.753804	537.768837	594.325173	606.211381	679.476187	707.940603	760.052985	816.302746	869.023983	928.566457	998.349766	
99.660443	125.252766	182.724357	249.676729	301.174715	339.250245	366.306800	383.196030	396.782729	442.932429	463.273483	500.231553	515.378871	524.913133	598.260353	616.721784	627.977110	673.359780	715.211609	724.205605	778.291623	810.570209	815.473246	861.816867	920.496464	931.368122	961.462053	994.030203	
21.696277	61.611093	158.545364	216.119100	251.342121	293.351872	345.484811	452.369649	453.079256	485.074616	529.957820	590.006879	621.139623	631.538791	645.259704	653.434422	677.986917	686.981483	694.264998	833.833172	864.657231	894.912468	906.612330	942.968789	996.948154	
50.406848	92.390589	125.793350	162.689563	240.531141	245.307777	248.650016	290.017221	373.364065	417.580733	482.161668	547.866400	586.319169	610.418872	613.014105	666.928891	710.267422	733.755472	748.824790	801.950161	872.857012	877.957943	940.042505	994.584882	
35.431827	66.612366	96.898898	112.092898	171.942747	221.154672	239.350309	250.920590	252.601337	264.146855	279.393157	320.286724	354.799950	408.132319	422.924197	427.171147	439.128097	461.645513	501.566981	559.497531	563.445907	578.319781	602.229269	621.350547	638.179735	702.935329	750.821846	766.497759	796.107446	856.780200	881.129734	927.565311	958.993471	
