18.707935	69.701570	175.072605	230.811859	324.303949	385.284839	418.069510	432.118728	442.677647	494.086761	494.631333	530.474399	542.366563	556.217063	585.097194	681.929070	896.923539	
57.441046	111.992265	126.574994	178.581100	203.920564	276.815995	350.808523	358.261189	432.312869	441.460071	467.822157	489.809653	494.086761	531.040222	574.395168	626.358068	676.209596	684.611826	728.143649	756.353597	798.405515	931.164105	950.991491	967.379123	994.041721	
18.707935	49.267773	96.535002	173.207576	229.893986	233.802881	296.036292	332.934077	358.511509	382.753804	495.248706	513.140481	518.325332	543.034189	560.817280	617.515246	645.136767	693.046775	708.874437	801.018853	853.990699	866.225219	996.134514	
42.325422	139.618277	195.259623	222.009585	233.254726	271.658295	274.154104	328.576752	365.715707	403.351541	432.728832	494.086761	520.077248	542.366563	550.627006	640.013496	687.566222	707.842933	801.885097	853.820168	867.000459	946.994022	
48.927234	49.267773	146.102311	214.525206	241.931136	253.145989	283.036879	336.186882	336.719122	367.875144	397.879825	413.554734	448.508035	468.054219	513.140481	538.027222	566.275131	649.878093	683.977607	716.896733	720.706258	799.590744	827.421767	889.597360	919.867680	921.404859	
18.707935	75.417863	106.380411	171.571910	224.280556	308.967859	391.107185	431.506252	451.154357	494.086761	499.799496	542.366563	601.474583	655.987556	702.227149	832.321806	
5.289112	92.566099	111.471500	171.571910	233.802881	233.891667	294.763477	339.190728	372.254165	382.749966	392.663911	413.554734	431.514339	494.086761	502.320347	522.645777	548.958496	580.501423	622.008745	660.197936	707.842933	750.237866	839.427511	866.499843	879.047707	985.796279	
20.317452	70.180292	115.528618	171.571910	207.535955	233.802881	244.194802	264.710703	307.533945	402.130805	413.554734	434.961904	467.096335	490.728450	521.751759	565.154236	615.690057	660.055673	709.982213	749.827758	792.922051	798.261690	868.259764	893.915723	
52.353445	115.837620	160.010538	193.839856	269.548408	282.879958	303.392322	334.095124	415.366323	434.613741	471.175655	493.845272	513.140481	533.403174	580.501423	586.088837	628.186633	648.252923	780.078403	836.559350	852.670124	879.918719	905.062117	959.993363	982.951122	
18.707935	109.193008	159.649908	203.920564	207.147437	251.233495	277.541164	283.241736	371.714922	383.623140	413.554734	428.523815	451.154357	660.197936	742.065741	803.815282	820.567629	876.367846	884.704424	898.126628	973.174739	
