22.006833	116.437249	145.429020	184.304619	200.747328	203.921854	232.639522	244.737054	304.826936	422.376541	463.745357	489.675476	519.238227	549.348662	567.214612	672.025559	709.845363	727.178932	770.736695	774.383894	808.794291	898.370964	940.703067	950.062426	975.614493	996.901356	
22.006833	45.375575	69.644714	123.958503	199.281717	223.675933	340.087895	367.987811	390.544052	411.538668	481.936205	503.346163	549.348662	582.263488	607.780589	628.942944	632.057253	738.589048	741.737328	748.452722	790.623927	801.247643	807.098445	812.598552	828.271037	852.573704	868.947392	907.339384	928.122548	
46.177669	58.543393	91.253575	148.107879	177.606434	212.792332	267.330207	311.346083	374.544272	421.002356	599.102988	609.882862	691.266789	709.845363	719.656049	775.483798	832.990990	859.987729	888.728448	906.898827	993.068624	995.343860	
36.334454	98.986488	111.090287	137.862698	204.516359	228.105671	235.349014	263.856515	317.507503	455.931333	463.745357	509.596603	628.942944	643.712020	709.845363	749.535610	833.115424	866.652220	913.805048	
8.025789	41.701414	56.484910	123.958503	186.622685	235.652034	304.104082	340.087895	386.952291	405.541297	447.426659	453.821538	478.626256	551.345383	598.171876	709.845363	755.618447	770.736695	920.201894	927.634615	989.592721	
27.577037	37.691671	63.044799	148.608921	204.924048	335.607091	344.014829	371.424989	432.825870	455.528187	463.967507	472.252750	577.909451	596.499572	599.102988	709.285187	738.470885	796.705190	803.777144	879.403943	922.769330	924.230898	
21.585011	55.827976	99.560230	119.500739	148.550207	199.281717	204.849059	270.847040	324.366787	405.541297	456.045600	524.684376	549.348662	597.799210	599.102988	609.230297	651.370763	694.658144	709.845363	717.911072	730.473718	785.473304	790.623927	819.902502	876.683444	914.610705	939.460574	
13.573116	55.503551	91.873626	105.944637	189.852949	199.281717	319.499821	340.087895	358.052609	383.460466	449.463685	469.888475	497.317468	543.568942	603.741524	724.347330	779.818130	790.623927	796.727729	837.624341	843.540739	867.679644	881.386244	896.772080	964.652235	988.102440	
10.062760	49.941086	91.873626	99.469781	238.413132	270.100360	289.123401	320.035664	329.027950	405.541297	407.371117	461.702424	488.764152	498.563309	561.345740	690.882946	705.154255	709.845363	741.737328	744.563655	770.736695	781.275117	790.623927	807.329391	820.267162	828.675437	865.106082	932.314857	968.912710	992.672466	
66.115670	107.879056	123.958503	172.988071	266.085162	324.867375	365.185041	394.327053	405.541297	496.379783	545.896470	573.212991	599.102988	677.280643	708.316786	717.808785	729.798499	770.736695	791.905233	819.508647	888.656536	893.577705	925.145671	
