74.888580	134.671245	170.073463	201.071139	221.058276	227.408700	271.084674	330.731737	333.774253	446.232313	451.181036	509.065776	524.070315	525.802439	600.539986	670.220378	750.654568	794.066652	869.325406	892.688316	964.991412	
31.202249	43.816874	125.585490	177.683640	235.163465	297.682225	349.796663	407.629039	445.128767	492.725808	525.802439	551.871094	617.414781	732.785409	842.757117	860.423523	894.623094	921.110589	951.100935	976.631697	992.121546	
22.890672	84.592315	128.904785	230.128620	238.250451	282.662169	311.628482	344.994911	424.127240	455.696435	470.126119	526.759827	542.397460	549.088158	656.030387	672.094841	677.867660	762.721483	798.070299	826.902183	897.311321	911.399686	939.218688	964.288549	978.324045	
20.657694	47.785622	61.515611	135.221013	187.726028	238.250451	265.838180	366.078310	366.653010	385.349618	414.960769	451.181036	456.568446	546.282368	571.957560	605.449964	678.397473	726.030711	738.807604	792.717960	810.642384	830.004194	841.332700	869.214439	882.125803	896.656973	910.786856	920.026361	957.544533	
17.142304	91.311733	167.447752	168.238514	201.011824	233.877623	307.230056	381.050207	424.127240	440.517351	486.699586	511.050354	559.916140	582.388907	600.539986	648.399344	682.442154	713.922870	736.159735	798.070299	838.668921	853.036102	872.241901	887.846940	892.688316	924.246650	983.959330	
29.662074	91.311733	97.662155	133.796458	141.143989	143.757501	159.017740	216.142596	226.880662	241.487472	265.687525	491.675432	509.065776	525.802439	527.508183	670.220378	718.468277	734.644673	816.815540	871.365531	907.939707	933.117394	959.553122	972.125524	985.061383	
22.890672	80.397721	167.447752	177.976452	236.293020	279.995190	307.668091	346.589919	424.127240	442.424126	451.181036	479.384203	502.370258	526.984077	600.539986	646.435640	655.665270	666.605755	670.220378	752.974079	888.999532	900.614189	909.592225	969.524952	
115.119849	142.651275	167.447752	229.706571	242.965821	288.261981	382.550586	388.082555	414.094914	451.181036	509.065776	521.294981	525.802439	617.059856	661.346383	781.266214	825.107793	856.832285	878.267935	914.218296	974.048876	
42.836489	58.441119	92.120412	111.955613	128.917250	267.485846	328.533503	335.772291	366.653010	367.790295	382.550586	407.455737	424.127240	482.677802	497.008375	547.202007	622.195321	645.602731	670.220378	701.888380	763.035262	790.582377	807.768343	849.629239	868.695651	924.728281	973.921628	
36.990275	39.301231	58.857826	118.599212	137.464294	171.435777	202.036285	238.250451	241.613979	281.442678	308.615458	393.896062	451.181036	475.675462	509.920798	516.760323	542.397460	573.318484	613.405413	678.205079	748.627250	781.221930	834.117301	865.706538	892.688316	907.832257	932.098057	944.420156	
