67.210792	77.623899	115.918593	197.277654	234.305947	272.976563	294.861555	296.072463	380.227516	470.474870	522.869276	528.020900	610.780140	654.846341	669.711872	766.864424	787.169496	932.748077	967.066510	
7.665456	24.602651	74.666425	105.499260	112.147465	115.918593	123.526660	143.531825	155.212402	207.624609	246.380392	290.425072	315.736852	365.249534	436.993469	448.364276	493.581685	528.948401	563.982842	567.930516	576.223534	608.658817	631.477146	644.124801	669.410978	675.711782	709.957529	729.665162	770.705550	790.552876	853.322484	956.008197	959.257115	982.336128	
44.944976	56.722240	82.648797	115.918593	145.222290	188.352123	220.129883	290.499829	337.434219	387.291474	438.887359	456.500216	486.849789	517.224232	528.904031	531.993280	567.541388	582.987479	616.739942	619.587384	631.962103	712.409784	763.893705	796.184155	804.998166	883.953207	961.862584	973.325193	977.714326	
8.010733	49.481880	58.102846	129.528849	164.944622	185.672534	241.602843	269.430131	296.072463	319.084954	349.027021	391.454576	416.453052	436.428303	446.848602	448.895198	483.022167	528.948401	561.640468	613.159488	628.381905	662.579024	692.312423	702.698205	802.444928	838.137629	848.929325	877.392428	888.683916	910.580138	960.928263	966.031478	
5.227073	34.702093	102.920230	109.927012	115.918593	167.199305	185.570705	246.355958	273.321462	300.655747	315.828905	430.438116	481.275447	490.485092	530.304043	546.720611	621.531833	638.104837	650.240059	665.494664	727.330141	748.252256	785.242254	820.638933	835.125789	853.999978	937.719136	973.325193	
35.809980	52.604805	67.170610	129.528849	141.775720	145.222290	219.551983	325.340166	351.602990	486.689407	548.651883	573.179401	708.515693	739.875970	813.029789	871.732921	917.582354	958.854979	969.997592	981.498791	
18.582586	62.637773	115.918593	129.528849	162.082359	190.543711	205.401496	250.351922	268.646770	357.692507	374.335443	374.995831	382.691576	405.345028	416.453052	522.869276	586.500227	678.270360	724.318421	753.698743	774.619198	820.638933	828.799478	898.559639	983.546455	992.569707	
53.944297	235.867519	236.640881	288.472092	416.453052	417.729152	430.438116	446.848602	464.389923	482.830504	520.314368	562.687421	587.370199	848.872946	892.578243	933.572242	980.486552	
34.293288	63.132462	115.918593	152.658010	206.516103	219.026059	233.109590	250.814056	267.250293	281.364460	317.812002	326.799661	384.250065	402.252412	493.766513	495.610639	499.745547	554.161265	570.480001	582.987479	699.823174	719.203742	811.842267	820.638933	880.727574	920.114813	
25.751683	40.749463	76.072803	92.792859	145.222290	199.994954	303.324389	341.865427	431.875699	493.349816	493.766513	530.993260	550.395233	705.950894	716.466921	747.857532	812.888917	825.897215	834.655798	869.365586	906.129214	948.027855	961.190540	984.183788	
