68.021854	128.189500	137.944360	155.274642	156.981968	179.942315	229.256491	251.594893	278.123528	308.051086	396.913795	399.052236	472.057994	503.220757	534.096360	588.817674	588.916301	606.796168	626.048624	650.210425	717.328299	720.710167	744.518717	747.425485	800.106644	827.219970	852.784992	881.432625	896.926662	907.779874	964.911535	
58.901893	67.667961	87.233002	105.092027	199.793915	238.149526	252.564608	278.123528	315.285761	385.324287	418.125161	463.466473	482.451682	554.550645	577.249645	588.817674	594.669597	625.680825	709.455486	744.633347	760.751418	810.286541	916.484432	967.094775	
26.232570	73.855811	105.092027	112.981339	206.628108	237.816272	287.817314	352.118447	360.773900	383.551559	389.658123	396.810159	461.469501	492.652892	525.935968	567.314030	640.507999	659.162452	681.639449	734.669218	737.654791	815.859621	833.533478	925.722301	953.878004	
26.232570	66.639531	105.092027	112.511522	174.149377	180.636994	192.902359	245.511611	292.850314	308.051086	411.967133	421.554615	471.362361	498.975923	551.184750	662.357315	690.359774	693.615835	707.296742	719.313143	799.206555	833.533478	846.738357	852.784992	922.942457	958.131185	995.205484	
152.171915	214.012841	239.120741	295.976934	343.793979	352.118447	362.399777	385.324287	385.817605	442.244833	511.755414	546.627495	556.575829	673.020935	696.066380	791.898488	866.309319	887.176564	926.635564	964.100189	
26.232570	62.773312	113.796504	186.568521	202.873102	233.611095	265.443235	278.123528	306.097568	315.318023	388.429478	463.994452	472.057994	509.756538	539.957302	615.427702	681.047713	770.457004	830.465509	859.946740	941.651604	
38.388299	73.308149	75.741032	128.189500	156.474686	246.051679	287.970919	308.051086	354.824011	390.481270	427.020809	440.412741	462.227908	502.816650	516.620379	571.127366	573.429992	629.275637	669.863990	693.615835	744.518717	801.473289	858.450393	890.140611	911.583220	953.680283	975.928314	
128.189500	155.274642	187.244970	299.406945	312.852014	315.318023	361.977774	415.467965	439.027203	473.684428	481.585936	507.580357	509.756538	567.691341	588.817674	627.771170	664.518379	692.262461	816.244766	900.178314	923.791506	939.761517	965.483888	980.226614	
14.280562	32.714152	73.308149	152.613025	199.793915	232.555511	250.153385	278.123528	308.051086	309.690210	497.443580	512.815230	571.101240	584.707355	588.817674	609.315484	642.732421	664.637582	784.586188	820.069131	826.023937	843.576481	850.840659	859.204875	868.947000	898.634274	940.510972	967.817248	987.515690	
26.232570	62.773312	113.139482	155.274642	163.610447	257.576145	278.123528	303.725974	315.318023	325.649770	399.052236	417.468421	514.238132	600.547922	639.236424	659.162452	703.824162	766.283728	779.204637	837.160906	843.250564	852.784992	891.175615	930.511717	969.474415	
