21.172528	66.662360	83.872257	148.542180	204.968240	226.032974	249.151145	261.097532	310.093819	342.802424	381.731319	396.247043	397.255311	438.303540	458.193278	524.364724	546.017863	590.654667	612.525360	643.864015	701.884193	722.889576	739.590352	777.435886	807.927889	872.584494	931.440627	945.198945	964.872893	
40.126985	115.277429	145.825190	148.041675	266.259660	297.821062	316.686308	331.706371	367.037826	413.374474	521.129046	570.492625	634.093003	658.624884	669.465007	707.101385	754.005271	762.804187	790.203483	807.525059	815.197418	829.390784	891.428447	928.455219	949.424100	998.281864	
34.697489	73.380284	139.273016	178.254286	201.663490	248.361336	359.694500	398.198187	420.454493	453.275566	495.336034	513.563182	565.150278	610.866249	734.077267	766.322185	844.751329	868.625271	880.671090	942.037892	978.730657	
57.489749	100.555754	109.250925	136.770252	173.320174	186.509974	199.032977	244.997529	337.266597	386.461879	416.387379	421.240154	499.764190	537.620392	581.284378	619.032915	691.373286	747.058438	778.102604	786.560838	825.038161	836.712358	870.840087	897.470819	920.798534	922.866131	980.445680	
33.688243	62.354823	66.563811	120.952954	159.361860	246.338506	272.981782	299.456596	375.911871	468.283844	505.268047	548.011447	579.952185	622.555012	645.739021	667.119333	688.674456	716.293282	744.295882	816.328475	857.652157	866.614084	935.909919	
35.964499	52.027961	74.683189	110.384954	133.465357	192.154807	236.795185	253.433522	295.862233	316.696598	373.799590	385.493671	430.208673	457.507654	474.452973	506.529676	549.930910	612.547940	640.947665	686.890069	690.452569	753.080750	796.478876	816.323309	823.346467	833.045497	846.469667	937.799521	947.998202	998.855589	
26.197943	34.483331	115.976586	129.048753	140.012175	167.480534	217.181142	233.038709	301.706020	330.817997	398.964633	410.965195	436.209260	481.077856	542.645106	549.159579	562.136794	600.898090	647.419465	674.254554	772.537038	776.284813	800.077944	818.172633	853.320665	878.851810	900.324157	971.639642	
11.115308	23.257033	33.989364	124.075315	152.956108	221.318438	248.875380	306.253521	336.780686	375.149628	412.571392	417.367640	422.183154	451.405731	494.690710	521.137691	562.951631	692.675043	726.628147	734.777438	757.933223	797.386847	811.429371	911.236517	942.102582	947.390273	
7.821541	27.872731	57.711782	66.689833	73.181042	149.827541	180.760568	199.526179	217.401482	330.025320	379.997339	484.918302	514.590224	524.464057	553.960668	607.534879	683.286101	696.563276	705.281459	742.330326	748.764978	772.269896	821.355621	864.640122	898.964696	935.751991	978.198318	991.113686	
56.003541	93.947918	194.371490	231.824964	272.468083	283.780676	349.624179	415.981379	449.626663	481.986778	517.614967	578.084324	644.465155	655.755033	693.170016	701.116847	710.292770	811.871961	846.283366	917.480894	950.268590	989.524882	
