31.371594	82.369405	110.410535	165.774202	184.136055	210.929457	218.280365	266.159357	282.480893	301.323796	336.123803	436.676001	450.212655	469.993395	490.666047	540.839373	565.952880	646.381498	677.754796	707.420005	780.414971	923.062219	958.831850	
6.629788	11.421593	157.814012	201.311618	300.901890	332.858831	346.694973	417.965088	454.125491	469.246928	473.408082	534.554194	561.229744	644.888006	675.283168	718.837186	723.183812	759.872963	764.024145	811.318855	875.730304	933.215086	960.441126	
40.466270	67.494141	166.000775	191.994656	229.920349	252.813122	289.953176	323.047581	364.803865	422.106863	436.317673	463.854400	527.440664	538.124740	570.422631	619.445568	638.772494	685.577607	698.877541	699.851314	730.212030	784.502428	799.806353	845.060180	882.734135	958.948230	972.200846	996.538034	
31.230217	138.223346	272.553838	312.349265	348.170910	407.341032	434.945311	477.711813	508.949982	530.666501	601.556413	680.975854	699.035687	710.647885	771.480167	813.664726	833.218762	862.040659	912.737413	949.459459	960.158462	992.576448	
12.395948	120.703133	186.250199	246.785007	283.453253	355.821431	417.628460	437.089213	491.700756	510.076977	599.386759	638.432567	640.850632	666.890642	745.961348	755.445996	864.625619	941.443207	
87.187562	105.305064	220.182437	277.752174	302.460315	329.027245	356.827465	382.522995	394.681929	422.935147	480.918015	529.171822	556.989462	619.630048	644.994795	672.036325	717.946165	769.924779	778.702769	782.725457	794.317040	836.459168	901.106568	939.823166	954.836468	970.436089	
37.805371	79.149673	99.216102	135.148955	211.953999	260.037881	305.213556	357.233313	376.381087	384.121301	412.444604	433.865590	544.163217	550.388230	580.606230	602.477595	630.995462	687.923921	709.598055	798.315227	888.150221	918.043015	934.080926	971.988534	
105.457112	127.613217	190.373394	298.480873	329.351383	362.654309	380.369101	443.017938	493.663304	577.269411	613.416367	621.955603	649.139807	683.298815	819.918367	877.413658	897.863734	903.816462	914.993351	
45.832020	57.727628	66.823263	74.042119	104.870733	183.996583	243.537177	297.701152	423.647247	491.716025	553.830753	574.669284	618.737511	632.095172	660.771645	693.683586	709.923040	729.711644	754.017469	770.033124	797.588782	837.201218	901.548033	924.484199	948.598571	974.292518	996.783743	
75.024194	115.978663	150.345914	194.779595	241.476147	311.157637	345.857558	363.461269	421.919881	487.775551	518.854888	525.581668	590.275050	612.869725	620.580001	647.620863	673.123279	697.218936	709.403807	726.780197	756.724806	767.783560	829.363981	857.401793	898.623218	981.785239	
