39.020044	80.889757	166.087388	201.115064	207.901732	228.191108	266.533434	347.438343	360.791200	367.988262	393.216605	405.864902	446.830769	464.583790	502.478775	528.348182	569.120182	617.047341	683.633283	777.216074	788.993620	800.548503	830.881904	950.347530	
58.635015	82.214771	113.662227	157.952041	194.162990	198.876081	215.929644	273.684844	292.461078	321.463568	386.068967	428.414577	464.474229	547.261218	592.975557	637.163706	676.117292	694.232952	737.493829	751.010585	757.713873	797.851524	827.189885	856.237011	919.121119	
32.905135	70.724653	79.472219	117.467484	133.055831	193.467354	210.485363	224.797219	348.968361	362.664719	488.721145	509.324469	523.883033	534.867556	541.847015	572.739571	574.937384	632.623086	653.787875	703.238859	722.957123	783.504870	835.866520	852.523745	878.423078	937.751346	949.255118	965.736606	
18.562333	78.222664	133.511231	157.411107	182.459308	202.273646	269.548682	281.724603	317.603739	325.741722	403.573484	489.529376	540.748279	551.227230	581.713529	636.490393	650.700200	668.598636	721.383568	735.286005	803.478996	867.474138	887.461878	954.407893	965.403599	994.425324	
30.733830	95.458836	146.493538	186.897315	238.601003	305.237855	363.567735	440.560203	445.754683	470.557775	515.428966	554.001032	620.113553	642.220421	650.570003	699.832897	777.061966	828.372948	841.183015	860.006311	931.111829	962.689029	
26.754023	70.921917	126.621138	162.439023	195.879773	265.023404	281.603812	314.354995	327.948511	364.616204	401.302506	427.292626	448.451009	512.077786	522.030171	564.142402	594.014777	637.280724	650.179350	653.917414	692.597576	772.187930	792.427816	862.175187	980.439888	
33.266515	63.882320	94.607924	108.820814	125.703338	211.198540	219.307476	285.147914	329.310454	381.371682	390.612763	408.376891	467.964188	520.920449	635.159556	809.984233	895.309833	925.954382	961.132464	976.654753	
43.805936	106.203187	145.808534	165.754318	181.166491	215.906047	228.760866	240.681433	273.289060	334.124038	366.882816	378.539668	390.105574	450.278947	462.683456	516.137097	540.294742	561.215439	602.625064	644.448383	662.611819	683.368171	732.807560	752.639393	791.313250	825.836374	875.929791	942.179796	981.770677	
149.296131	197.495452	212.022700	248.381076	287.102666	352.698229	418.487340	484.962647	580.419838	620.540167	644.864173	663.289088	712.803723	716.243283	754.552077	775.065261	798.929753	864.929876	990.935328	998.653263	
13.306814	142.524226	143.777653	157.791266	212.778688	259.398988	267.914497	271.781362	280.567683	297.098422	444.680827	487.519231	505.383301	553.219185	571.674802	600.904799	637.392890	652.844753	702.764894	762.342204	773.784112	823.012955	887.947806	965.981811	976.182019	986.745733	
