55.968238	78.142518	156.791681	185.963576	190.205901	198.223640	215.115696	281.948800	294.409456	327.504854	347.180421	375.811613	435.050674	459.171793	482.352605	521.553331	582.596785	601.038701	666.246023	733.853269	750.188257	812.706756	852.391507	873.055274	944.190324	950.965617	
9.133983	37.767681	122.605804	148.844133	194.230327	236.241659	244.644388	280.749450	299.640336	356.280008	432.093239	514.956605	573.586988	619.725942	663.260360	665.035194	718.597646	754.481056	782.631799	821.673328	899.003132	921.358695	947.525313	961.036866	996.498806	
15.350182	37.988209	56.184930	69.823565	209.456938	212.729645	267.991339	302.162683	312.082016	328.445601	358.759179	500.229206	542.539025	567.935709	595.251976	603.514756	623.661363	646.446610	690.082996	696.033813	727.719936	763.485163	816.135195	875.972790	884.362789	946.229176	989.515757	
36.558096	46.902498	67.481647	77.771013	109.445885	151.542432	173.436571	212.361924	281.399273	328.192706	345.978742	380.901952	410.403674	507.992544	515.290345	538.274769	601.844668	635.399705	680.597028	731.395915	774.341487	806.903385	842.515826	972.716776	
28.914075	43.360091	70.898612	77.238195	99.732852	149.155632	182.579727	199.706241	272.162848	322.788551	378.553942	444.193491	515.919663	533.179092	568.646684	570.357393	600.180986	620.772199	649.927811	650.573010	686.899855	700.238180	735.570832	793.046043	817.032417	894.878722	929.502708	968.549624	980.727594	
26.946774	98.420914	123.619848	195.480414	272.658740	281.920788	291.720220	328.926855	371.597219	497.995519	540.941699	567.518418	588.810253	624.697966	649.477423	678.631444	688.093489	712.536912	765.121306	786.167396	891.815585	918.596745	947.443470	970.663429	
11.445982	97.780379	137.755328	243.611787	298.830710	311.823240	384.514899	431.224357	448.542923	496.001066	569.882898	649.927984	674.615786	730.773133	773.525717	824.308355	973.490128	979.359973	
48.391805	67.737362	109.978982	126.724947	133.544931	283.998453	315.636879	323.209658	364.099335	464.388682	470.611354	518.412828	539.851977	570.453570	582.289181	617.950843	683.134499	716.941076	728.498420	786.295024	854.943748	859.953788	922.167432	972.376111	
28.274124	85.832369	123.436590	133.966661	167.057871	196.009774	205.858734	333.383971	390.952833	443.426670	460.017061	472.839099	496.909264	505.031300	510.515692	590.996976	600.346667	604.742908	650.046959	753.533824	817.488744	827.650071	879.355057	962.843020	986.770498	
59.854725	146.092175	179.081216	283.364139	368.175312	379.835229	388.614493	421.225879	449.671842	505.913511	557.661401	592.192424	634.018479	651.947985	673.314877	686.376946	722.342682	774.937582	842.871647	913.927782	963.703220	997.958620	
