35.397797	104.133606	124.674368	131.549087	150.982925	197.385139	206.879012	221.826699	235.217792	305.407163	320.305782	367.180401	404.352881	441.870251	451.021965	484.999749	504.695137	538.364007	589.401878	595.370860	638.450918	698.514535	699.495983	736.878933	745.900101	830.758568	853.843395	889.155030	914.612629	922.284088	945.794517	980.665475	996.368437	
108.242564	161.759525	195.164848	204.611837	282.997413	299.768696	396.106606	465.418146	530.582286	576.810811	646.285383	675.694238	681.323984	732.158542	740.532677	789.238705	797.207043	825.621458	848.650249	849.480967	895.422645	940.562858	990.058821	
22.904431	77.490067	121.755058	287.883677	381.975468	418.750425	435.100389	467.490254	515.631596	602.531761	629.784694	746.607684	755.815657	845.334021	863.769106	887.484266	891.909845	924.349038	975.879948	
4.820121	26.043105	65.382952	146.438606	166.020150	197.955456	201.200442	278.718234	437.359172	472.552581	592.857000	598.772660	653.650770	694.933604	747.833563	832.723949	874.799495	883.156839	905.255359	931.544997	976.614641	
45.327779	92.516276	125.914942	159.572552	193.442716	230.862217	254.256001	315.388830	332.246111	377.491595	432.167266	452.945382	502.451721	520.834890	537.293246	572.753239	612.601275	660.253526	729.686204	779.566144	801.091459	834.721538	852.724283	914.543283	945.904844	972.639580	975.285418	
43.031529	150.780447	175.858168	249.371005	300.983242	325.646059	349.460733	388.965423	422.396966	461.927539	514.821388	657.241284	679.962050	693.309030	781.470507	847.150827	873.923235	889.063315	960.531910	973.030483	
27.117188	63.098268	88.258374	131.646908	149.875649	163.851103	214.147627	222.235812	295.387441	372.958109	383.827307	411.777862	466.395517	511.786027	532.698758	548.705128	563.085133	577.106421	619.096009	688.338330	738.073982	748.400435	757.106910	803.989070	838.105616	849.033871	857.333827	887.799094	961.067919	991.213177	998.069322	
21.245581	82.673049	118.149944	206.191846	241.449192	275.420371	290.162544	312.426460	420.677803	488.987233	524.468337	567.151174	605.551640	664.201981	672.708662	687.856872	717.321087	779.328999	799.048177	826.299713	923.574307	975.220810	
63.885633	78.398311	102.762464	146.123743	167.551389	227.756918	251.570525	303.729927	370.935540	414.472116	430.003908	459.374498	474.638690	514.356361	527.132131	575.038824	643.718495	725.480971	736.043011	757.125019	771.961931	831.858404	875.756939	933.166964	961.209325	965.176508	
27.640021	53.172894	65.405586	138.634258	184.636423	285.080831	309.165771	330.516634	345.736756	412.311469	443.529667	494.489557	547.441628	573.303310	577.023900	592.316728	611.897614	648.361357	763.477584	788.037240	846.557052	865.290132	940.489145	998.301542	
