80.872841	128.224759	185.381708	236.952823	278.337482	309.105039	348.979138	383.577096	458.968889	574.800568	595.778084	675.751944	682.697874	703.519120	729.910930	765.580230	832.890425	964.687614	984.791788	
101.419707	213.123648	224.763914	255.419535	288.186673	403.323376	427.375162	443.060378	545.422253	578.009873	627.761982	642.386489	735.680588	755.240547	769.327698	772.604942	789.899097	836.804080	893.482210	929.834060	977.859189	992.713218	
118.192723	177.962886	231.657042	235.834749	254.355705	300.127547	402.531988	433.508961	445.232506	485.266365	579.302412	627.440185	646.524265	671.666251	689.058155	754.053238	776.860730	790.276991	815.751943	898.546484	939.119179	965.807302	990.770184	994.495548	
87.250494	137.966968	145.350944	213.781430	255.351563	277.973848	288.568942	339.454008	361.189379	397.632926	431.234950	460.665576	468.733938	533.375334	645.102063	687.935509	729.910930	755.233583	800.198623	836.237498	854.912272	914.872548	971.381269	
85.235310	158.167603	224.763914	235.751040	309.105039	325.857273	416.302246	422.512692	457.359726	535.120040	536.936458	599.330417	618.460089	669.521207	682.697874	685.336887	729.910930	768.384596	852.644336	878.232377	939.119179	961.465792	985.468998	995.884015	
36.841606	62.816605	94.811071	149.401449	171.988184	188.362600	200.950511	241.223566	266.684928	272.948329	346.297575	368.219856	383.577096	423.018784	549.819237	630.285949	648.977918	650.899008	682.697874	690.459771	700.533754	729.910930	731.161502	765.976592	773.120379	799.685283	852.644336	917.573707	968.711312	997.008647	
47.572556	79.970714	137.343546	180.460591	182.409298	236.952823	279.664712	322.628064	381.522203	383.577096	416.302246	428.106250	580.304101	582.050364	595.747918	641.333422	729.910930	751.483284	788.558871	806.416368	884.743135	912.773079	966.006584	
25.696514	50.838167	89.146823	182.409298	206.712931	269.541528	278.415782	300.635963	320.253115	387.757406	394.971878	397.632926	425.244233	500.927168	558.721832	582.915550	616.616972	663.844736	714.571950	834.961360	852.644336	860.525603	894.824889	905.947997	939.119179	964.309088	976.209341	
29.290056	38.227126	52.007609	64.233606	94.430424	108.199864	136.369759	230.934889	255.419535	270.990468	335.942004	383.577096	399.080025	433.484891	469.724019	567.003290	570.725596	643.811856	648.620474	674.603795	682.697874	724.765429	737.056396	755.270796	785.035739	835.292761	851.908867	852.644336	944.104072	974.049761	
56.513681	62.233143	121.529735	202.966533	255.419535	280.507644	290.734647	354.757422	366.946797	377.252613	416.302246	558.543166	591.315676	650.899008	675.465695	682.697874	770.125541	815.904687	852.408979	951.495767	
