29.317251	79.390275	119.238963	122.300366	242.636704	323.041157	369.253781	382.913090	398.487892	415.869667	426.117738	506.104307	545.609731	576.150329	634.494302	689.551124	726.029320	825.536021	855.160858	863.017254	885.921156	948.540099	983.554255	993.018580	
23.204166	23.842892	29.317251	143.079526	179.960300	185.313810	231.649510	233.065164	253.918070	323.041157	333.675881	350.476785	369.253781	382.932772	396.609039	473.766305	481.786455	515.447087	615.101467	764.444731	773.429278	823.959246	836.805671	865.604048	865.826881	886.735139	913.100061	923.916708	996.943762	
46.581419	61.944198	94.866791	123.853150	146.353447	256.813543	265.695080	298.880428	307.438030	323.041157	407.128018	435.044499	506.097998	514.446652	522.712387	568.093530	649.246233	714.065248	729.291171	751.042098	854.035606	930.077829	935.341993	995.239062	
23.055224	52.426318	93.840130	183.300832	192.716502	225.620415	244.902114	290.428133	325.624808	351.815308	366.883404	382.857097	448.731562	498.576344	555.645475	604.420017	668.322889	727.118893	733.758009	798.010313	836.805671	870.212853	880.018476	912.444037	958.676473	985.090027	997.183718	
29.301927	60.555544	122.300366	135.320377	149.866780	278.272265	304.326065	356.691430	369.253781	464.018982	472.907664	566.672915	575.143326	585.453295	611.163386	618.756048	686.702781	736.053145	766.662476	836.805671	903.139199	907.106176	930.538698	970.339537	980.030922	
10.753202	29.317251	50.069459	149.293822	182.463375	288.493139	376.710519	390.200091	420.783192	432.877633	450.549679	479.024880	522.712387	557.384795	578.638373	657.304969	718.249845	736.053145	891.431196	
3.459885	29.317251	31.455204	99.670492	122.300366	223.573613	230.914498	272.854995	307.696026	323.115893	382.594092	436.246088	522.712387	531.089098	584.442263	676.446432	686.964451	730.824553	736.053145	740.690044	785.298674	895.619382	922.309255	926.960661	956.721556	983.627461	
20.754720	58.309518	135.821719	139.658099	149.293822	169.360708	198.651192	268.216895	324.178394	362.075637	390.113929	421.479922	489.990101	530.288123	552.333075	580.631718	612.074879	644.706962	682.624708	771.165327	809.642029	836.805671	865.826881	880.018476	903.139199	910.050621	970.683833	989.703828	
16.151327	51.063745	75.126965	99.670492	203.572422	231.257127	259.699276	272.854995	307.696026	320.611344	361.531156	392.526678	430.190086	473.637131	521.681520	560.162260	711.433419	718.249845	736.053145	787.550576	817.020586	880.445207	926.635058	954.931429	
16.151327	71.219444	102.354588	122.300366	144.959512	149.293822	192.441601	272.854995	292.793775	322.183140	379.296384	432.877633	449.456216	463.555065	529.739626	564.504499	572.027544	588.397999	694.732657	717.983917	747.125547	777.248872	784.729764	834.477449	927.158546	982.502270	
