55.785363	64.140745	125.945382	174.402189	227.302519	242.359983	286.060153	370.613239	423.798500	440.053660	445.487897	455.874548	488.292391	552.201467	628.407979	672.743735	698.231769	735.587542	803.319906	810.651967	845.326878	872.855902	
10.937894	33.486854	59.704645	184.101175	185.949922	221.497339	249.857270	292.402055	367.224843	385.723185	439.335164	459.628893	472.411747	488.399383	510.950050	532.465189	554.365260	565.414945	639.163586	696.746206	713.049969	803.319906	871.010694	881.382758	959.132207	964.286112	976.206065	
38.698019	55.026709	92.708683	134.143160	154.463913	192.151041	201.155965	292.402055	301.491211	371.431898	400.570821	419.153824	461.989279	489.101546	504.845692	539.805424	577.055752	676.778760	702.180045	753.560229	767.502655	793.083351	833.801007	862.427872	894.231808	922.772844	
20.095176	77.705438	81.208108	105.780494	184.359757	258.198958	291.813495	335.189584	367.224843	371.192417	438.459354	449.557598	537.658959	590.012174	634.535102	635.187003	674.299912	771.778162	776.283038	809.110507	837.695698	871.010694	938.793202	944.118574	
86.741195	92.708683	134.586454	225.716401	272.156220	292.402055	292.666605	348.037717	367.224843	408.328625	496.272953	518.274288	546.860635	566.459383	575.453638	620.720912	627.644183	634.535102	724.024824	754.045482	762.884256	793.315864	895.486500	947.110707	
17.135212	45.926661	69.597430	123.330256	154.463913	213.542410	232.612602	277.178206	311.418145	395.897534	457.330845	511.290418	550.082692	570.500775	594.084002	603.314470	619.673674	676.989851	683.178682	779.422954	803.319906	803.835308	862.427872	872.009289	904.865963	928.112547	962.171249	990.691671	
33.230137	55.785363	91.835506	130.177279	177.329282	207.742263	249.857270	266.394970	293.506346	311.418145	435.076921	478.879139	501.958782	539.168860	546.860635	560.543885	602.304300	616.265602	661.942159	667.006777	755.752497	783.014820	811.697200	844.209255	864.623715	871.010694	895.170207	908.769050	926.464953	982.006212	
41.181643	57.085760	83.506295	119.976889	147.275298	196.175049	249.857270	296.989947	311.418145	386.148067	435.076921	548.994756	557.877832	616.394771	627.229066	701.155285	708.726557	720.426072	725.518038	774.091324	889.991385	919.941008	949.173259	
33.024014	55.785363	154.463913	194.069873	229.795121	292.402055	367.141981	451.511586	455.874548	461.989279	546.860635	589.815747	613.480712	634.535102	648.084987	696.746206	750.678230	771.778162	796.846945	822.870364	889.738035	
41.181643	51.056942	92.635554	125.945382	154.463913	217.105206	262.813366	305.737865	340.251042	342.266069	406.491422	435.076921	437.825759	479.282366	561.421142	565.010644	568.737035	585.591279	683.178682	696.935057	750.795990	803.319906	815.677368	926.139929	932.788309	967.436974	
