15.306039	64.421890	66.399192	139.151019	148.398484	165.091417	189.007910	207.684060	219.726979	237.315776	283.261323	302.328244	382.176237	421.533735	455.552894	473.212195	479.431607	493.203117	655.969699	669.770211	860.456800	893.211365	894.511205	921.424941	922.733800	963.224291	974.436753	
13.207516	66.700317	119.456734	141.449041	149.290469	198.882906	233.876504	268.116178	386.997368	423.390675	442.975122	452.673929	500.079906	515.526160	546.339558	679.192710	682.291589	703.077716	728.179801	736.686168	746.701144	784.092908	832.471480	875.196775	894.511205	959.063578	979.815560	
17.434288	85.880683	120.227065	175.003051	230.836033	259.715635	315.660872	391.437610	417.768171	460.944392	478.712865	508.078177	645.030504	652.754795	726.940939	784.947022	794.202302	795.192327	842.136144	842.658301	886.552729	922.733800	956.613037	
30.156138	64.421890	66.810486	81.999954	115.232859	154.191194	169.297753	185.688607	199.322564	210.326131	244.847527	357.002778	366.817824	432.236912	487.384047	556.874658	565.227300	577.549314	608.048342	623.569254	656.483171	694.052134	714.894282	762.834502	765.638142	785.123662	825.700950	854.273688	905.290993	977.174861	990.206908	
40.073717	70.503320	87.084328	109.707923	160.208390	190.112043	233.055771	283.036962	291.468585	330.935367	364.926036	381.667942	405.547406	449.252316	478.329676	511.012017	591.540548	666.097334	748.961165	768.716953	779.994380	836.580590	922.745923	934.550486	949.288355	993.858961	
44.815101	62.666412	80.266590	200.943044	208.038071	219.529763	240.456462	262.392332	302.425233	330.935367	408.738612	428.962443	456.866635	465.272195	475.992409	505.004886	551.585844	666.691050	713.750580	736.686168	768.716953	789.956990	812.659613	842.136144	868.837392	893.587252	894.511205	945.481646	966.366992	991.323536	
2.721505	82.254366	113.239878	147.367484	162.597790	207.680778	254.227366	281.899226	332.103737	370.465542	407.184025	436.872625	440.272813	450.650655	520.546293	558.023937	560.875545	604.322405	623.569254	651.988244	730.811440	775.746086	805.794417	833.845659	842.136144	908.228051	952.800879	
36.460532	54.874251	78.742440	149.717706	162.597790	217.889924	262.989242	308.220515	314.683938	330.935367	393.286100	442.692692	472.173291	491.519479	554.072946	631.556530	652.306839	666.124849	689.526211	704.176093	730.820134	795.025928	835.816178	847.256594	874.278748	879.817695	911.470708	927.712323	972.448337	
10.176234	28.833326	122.988626	137.311698	196.234593	212.420027	262.260115	327.156195	333.342942	343.743811	356.067932	482.975379	511.588794	543.837351	623.569254	702.693244	753.949644	806.447096	860.568359	888.682116	922.733800	952.726766	999.936355	
2.721505	45.908584	90.531545	123.043011	162.597790	212.420027	223.463644	260.586850	323.378344	325.734338	356.548083	357.002778	442.640689	454.963740	462.720211	622.864728	697.474584	736.686168	818.272043	836.799626	854.014837	889.875123	893.616312	956.572192	991.633009	
