10.244185	21.815904	33.390618	83.988215	93.800183	105.672476	213.851761	246.570688	300.988078	334.117813	357.001592	379.738855	396.035013	437.968745	505.413965	544.572358	548.803688	577.790203	581.230230	639.748883	652.643407	681.193186	719.984679	730.987724	739.238688	781.094901	833.302030	890.934784	906.538276	927.657936	991.086796	
58.347625	115.076273	124.420557	169.034199	170.304027	214.138714	245.760931	246.570688	313.586017	338.435477	354.880196	360.221394	432.261073	538.715025	561.983855	574.701226	601.578446	655.965961	671.988124	690.190602	711.631540	751.472441	775.215254	811.207106	881.555445	886.932265	916.921416	940.695857	959.585976	999.824407	
37.143884	88.729099	135.296167	137.205315	158.094779	233.921485	246.570688	285.569783	334.895593	345.821727	393.925884	413.586406	436.815134	464.846672	481.014500	496.003041	510.013128	620.733877	653.781431	751.104523	757.591541	760.607607	804.776426	935.447453	962.588122	981.606942	999.465228	
41.282790	93.380387	114.227051	151.302762	178.823804	205.990614	230.758811	258.497531	325.206567	432.419007	453.102192	507.690615	536.257842	563.688927	601.148817	638.372036	720.104589	727.765192	753.847588	778.897912	813.875968	837.441461	887.294570	980.740328	
38.807946	44.533531	78.840243	158.094779	185.948896	262.287719	309.052442	335.464675	352.152876	357.001592	374.775656	478.868851	494.576441	503.920948	516.651514	575.803625	671.988124	688.274940	730.191651	748.376123	818.521739	876.011342	991.507507	
32.716521	39.803674	70.447204	82.387695	147.205894	228.790670	268.264001	382.385065	435.319600	438.733080	474.236598	589.798234	593.719512	601.148817	612.032534	789.108883	817.542123	853.337042	955.428312	985.282283	
32.716521	113.110851	137.205315	158.094779	211.803075	273.400251	280.490965	357.001592	359.526025	382.655505	404.314488	493.041197	504.408665	570.330871	648.872330	739.032830	748.284100	767.568078	803.138679	828.507212	861.672282	873.023019	886.982795	904.550370	966.308074	979.913039	
32.716521	80.353548	114.227051	153.670016	158.094779	216.604892	303.022219	336.025734	351.483273	385.075051	408.552834	439.645900	464.768058	478.868851	524.720332	586.509319	601.148817	640.509744	737.994435	799.305911	850.069536	908.927590	965.188547	
15.085794	42.158995	81.600042	137.205315	184.609814	234.412707	267.584711	268.333400	287.171350	330.138101	378.989195	406.984363	444.318296	472.172168	575.803625	617.681680	641.684220	651.177419	652.643407	679.249006	757.591541	798.767881	852.201234	948.590114	991.295112	
24.719134	59.879411	129.299260	137.205315	180.634326	195.851320	210.464169	246.570688	304.145280	349.044838	419.608913	439.088634	469.531896	553.711480	593.719512	629.640984	658.694376	728.974690	730.191651	756.600503	794.243554	859.476723	965.812515	984.165914	
